# Temps Uc Ur
0 0 5
1E-5 0.0523555400436909 4.94764445995631
2E-5 0.104162859572729 4.89583714042727
3E-5 0.155427699063335 4.84457230093666
4E-5 0.206155738882584 4.79384426111742
5E-5 0.256352599917814 4.74364740008219
6E-5 0.306023844199445 4.69397615580055
7E-5 0.355174975517274 4.64482502448273
8E-5 0.403811440030323 4.59618855996968
9E-5 0.451938626870292 4.54806137312971
0.0001 0.499561868738704 4.5004381312613
0.00011 0.546686442497785 4.45331355750222
0.00012 0.593317569755169 4.40668243024483
0.00013 0.639460417442471 4.36053958255753
0.00014 0.685120098387809 4.31487990161219
0.00015 0.730301671882324 4.26969832811768
0.00016 0.775010144240774 4.22498985575923
0.00017 0.819250469356251 4.18074953064375
0.00018 0.863027549249103 4.1369724507509
0.00019 0.906346234610091 4.09365376538991
0.0002 0.949211325337866 4.05078867466213
0.00021 0.991627571070827 4.00837242892917
0.00022 1.03359967171339 3.96640032828661
0.00023 1.07513227795678 3.92486772204322
0.00024 1.1162299917943 3.8837700082057
0.00025 1.15689736703132 3.84310263296868
0.00026 1.1971389097898 3.8028610902102
0.00027 1.23695907900762 3.76304092099238
0.00028 1.27636228693263 3.72363771306737
0.00029 1.31535289961157 3.68464710038843
0.0003 1.35393523737382 3.64606476262618
0.00031 1.39211357531014 3.60788642468986
0.00032 1.42989214374633 3.57010785625367
0.00033 1.467275128712 3.532724871288
0.00034 1.50426667240442 3.49573332759558
0.00035 1.54087087364741 3.45912912635259
0.00036 1.57709178834562 3.42290821165438
0.00037 1.61293342993385 3.38706657006615
0.00038 1.6483997698218 3.3516002301782
0.00039 1.68349473783411 3.31650526216589
0.0004 1.7182222226458 3.2817777773542
0.00041 1.75258607221315 3.24741392778685
0.00042 1.78659009420009 3.21340990579991
0.00043 1.82023805640007 3.17976194359993
0.00044 1.85353368715358 3.14646631284642
0.00045 1.88648067576125 3.11351932423875
0.00046 1.91908267289265 3.08091732710735
0.00047 1.95134329099078 3.04865670900922
0.00048 1.98326610467238 3.01673389532762
0.00049 2.01485465112398 2.98514534887602
0.0005 2.04611243049384 2.95388756950616
0.00051 2.07704290627981 2.92295709372019
0.00052 2.10764950571306 2.89235049428694
0.00053 2.13793562013787 2.86206437986213
0.00054 2.16790460538737 2.83209539461263
0.00055 2.1975597821554 2.8024402178446
0.00056 2.22690443636449 2.77309556363551
0.00057 2.25594181952987 2.74405818047013
0.00058 2.28467514911983 2.71532485088017
0.00059 2.31310760891221 2.68689239108779
0.0006 2.34124234934715 2.65875765065285
0.00061 2.36908248787619 2.63091751212381
0.00062 2.39663110930772 2.60336889069228
0.00063 2.42389126614875 2.57610873385125
0.00064 2.45086597894316 2.54913402105684
0.00065 2.47755823660639 2.52244176339361
0.00066 2.50397099675664 2.49602900324336
0.00067 2.53010718604254 2.46989281395746
0.00068 2.5559697004675 2.4440302995325
0.00069 2.58156140571053 2.41843859428947
0.0007 2.60688513744384 2.39311486255616
0.00071 2.63194370164698 2.36805629835302
0.00072 2.65673987491781 2.34326012508219
0.00073 2.68127640478011 2.31872359521989
0.00074 2.70555600998807 2.29444399001193
0.00075 2.72958138082749 2.27041861917251
0.00076 2.75335517941389 2.24664482058611
0.00077 2.77688003998752 2.22311996001248
0.00078 2.80015856920519 2.19984143079481
0.00079 2.82319334642914 2.17680665357086
0.0008 2.84598692401282 2.15401307598718
0.00081 2.86854182758372 2.13145817241628
0.00082 2.8908605563232 2.1091394436768
0.00083 2.91294558324343 2.08705441675657
0.00084 2.9347993554614 2.0652006445386
0.00085 2.95642429447008 2.04357570552992
0.00086 2.97782279640672 2.02217720359328
0.00087 2.99899723231835 2.00100276768165
0.00088 3.01994994842453 1.98005005157547
0.00089 3.04068326637728 1.95931673362272
0.0009 3.06119948351838 1.93880051648162
0.00091 3.08150087313385 1.91849912686615
0.00092 3.10158968470594 1.89841031529406
0.00093 3.12146814416228 1.87853185583772
0.00094 3.14113845412262 1.85886154587738
0.00095 3.16060279414279 1.83939720585721
0.00096 3.17986332095629 1.82013667904371
0.00097 3.19892216871322 1.80107783128678
0.00098 3.21778144921677 1.78221855078323
0.00099 3.2364432521572 1.7635567478428
0.001 3.2549096453434 1.7450903546566
0.00101 3.27318267493202 1.72681732506798
0.00102 3.29126436565416 1.70873563434584
0.00103 3.30915672103978 1.69084327896022
0.00104 3.32686172363962 1.67313827636038
0.00105 3.34438133524494 1.65561866475506
0.00106 3.36171749710488 1.63828250289512
0.00107 3.37887213014152 1.62112786985848
0.00108 3.39584713516278 1.60415286483722
0.00109 3.41264439307302 1.58735560692698
0.0011 3.42926576508143 1.57073423491857
0.00111 3.44571309290828 1.55428690709172
0.00112 3.46198819898901 1.53801180101099
0.00113 3.47809288667611 1.52190711332389
0.00114 3.49402894043899 1.50597105956101
0.00115 3.50979812606169 1.49020187393831
0.00116 3.52540219083852 1.47459780916148
0.00117 3.5408428637677 1.4591571362323
0.00118 3.55612185574291 1.44387814425709
0.00119 3.57124085974288 1.42875914025712
0.0012 3.58620155101898 1.41379844898102
0.00121 3.60100558728085 1.39899441271915
0.00122 3.61565460888005 1.38434539111995
0.00123 3.63015023899187 1.36984976100813
0.00124 3.64449408379513 1.35550591620487
0.00125 3.6586877326502 1.3413122673498
0.00126 3.67273275827506 1.32726724172494
0.00127 3.68663071691962 1.31336928308038
0.00128 3.70038314853812 1.29961685146188
0.00129 3.71399157695975 1.28600842304025
0.0013 3.72745751005755 1.27254248994245
0.00131 3.74078243991545 1.25921756008455
0.00132 3.75396784299359 1.24603215700641
0.00133 3.76701518029197 1.23298481970803
0.00134 3.77992589751226 1.22007410248774
0.00135 3.79270142521808 1.20729857478192
0.00136 3.80534317899342 1.19465682100658
0.00137 3.81785255959955 1.18214744040045
0.00138 3.83023095313024 1.16976904686976
0.00139 3.84247973116529 1.15752026883471
0.0014 3.85460025092256 1.14539974907744
0.00141 3.86659385540833 1.13340614459167
0.00142 3.87846187356612 1.12153812643388
0.00143 3.89020562042393 1.10979437957607
0.00144 3.90182639723996 1.09817360276004
0.00145 3.9133254916468 1.0866745083532
0.00146 3.92470417779411 1.07529582220589
0.00147 3.93596371648978 1.06403628351022
0.00148 3.94710535533963 1.05289464466037
0.00149 3.95813032888569 1.04186967111431
0.0015 3.96903985874296 1.03096014125704
0.00151 3.97983515373476 1.02016484626524
0.00152 3.99051741002672 1.00948258997328
0.00153 4.00108781125927 0.998912188740726
0.00154 4.01154752867882 0.988452471321177
0.00155 4.02189772126753 0.978102278732469
0.00156 4.03213953587173 0.967860464128268
0.00157 4.04227410732901 0.957725892670993
0.00158 4.05230255859393 0.947697441406071
0.00159 4.0622260008625 0.937773999137502
0.0016 4.07204553369525 0.927954466304746
0.00161 4.08176224513912 0.918237754860879
0.00162 4.09137721184797 0.90862278815203
0.00163 4.10089149920191 0.899108500798089
0.00164 4.11030616142534 0.889693838574658
0.00165 4.11962224170377 0.880377758296233
0.00166 4.12884077229938 0.871159227700622
0.00167 4.13796277466544 0.862037225334561
0.00168 4.14698925955947 0.853010740440529
0.00169 4.15592122715524 0.844078772844762
0.0017 4.16475966715358 0.835240332846422
0.00171 4.17350555889207 0.826494441107933
0.00172 4.18215987145353 0.81784012854647
0.00173 4.19072356377342 0.809276436226579
0.00174 4.19919758474608 0.800802415253924
0.00175 4.20758287332986 0.792417126670141
0.00176 4.2158803586512 0.784119641348805
0.00177 4.22409096010753 0.775909039892468
0.00178 4.2322155874692 0.767784412530798
0.00179 4.24025514098024 0.759744859019762
0.0018 4.24821051145812 0.751789488541883
0.00181 4.25608258039247 0.743917419607527
0.00182 4.26387222004277 0.736127779957235
0.00183 4.27158029353493 0.72841970646507
0.00184 4.27920765495702 0.720792345042981
0.00185 4.28675514945384 0.713244850546165
0.00186 4.29422361332058 0.705776386679418
0.00187 4.30161387409552 0.698386125904482
0.00188 4.30892675065167 0.691073249348332
0.00189 4.31616305328754 0.683836946712455
0.0019 4.32332358381694 0.676676416183064
0.00191 4.33040913565775 0.669590864342245
0.00192 4.33742049391995 0.662579506080053
0.00193 4.34435843549249 0.655641564507512
0.00194 4.35122372912946 0.648776270870536
0.00195 4.35801713553526 0.641982864464744
0.00196 4.36473940744882 0.635260592551175
0.00197 4.37139128972712 0.628608710272877
0.00198 4.37797351942762 0.622026480572375
0.00199 4.38448682588999 0.615513174110006
